function [Cl_x,alpha_x] = Simulation

Cl_x = [0.0020
0.0030
0.0030
0.0030
0.0030
0.0050
0.0060
0.0060
0.0060
0.0070
0.0090
0.0080
0.0090
0.0100
0.0100
0.0110
0.0110
0.0100
0.0110
0.0110
0.0120
0.0120
0.0120
0.0130
0.0130
0.0150
0.0150
0.0170
0.0170
0.0170
0.0170
0.0190
0.0170
0.0170
0.0210
0.0190
0.0210
0.0200
0.0210
0.0210
0.0240
0.0250
0.0250
0.0250
0.0280
0.0280
0.0290
0.0320
0.0280
0.0290
0.0290
0.0330
0.0340
0.0320
0.0320
0.0320
0.0370
0.0340
0.0380
0.0350
0.0390
0.0400
0.0390
0.0400
0.0380
0.0400
0.0430
0.0390
0.0410
0.0410
0.0410
0.0460
0.0430
0.0480
0.0480
0.0460
0.0540
0.0540
0.0530
0.0550
0.0580
0.0590
0.0550
0.0570
0.0570
0.0570
0.0610
0.0630
0.0610
0.0590
0.0610
0.0610
0.0630
0.0610
0.0660
0.0650
0.0690
0.0640
0.0690
0.0710
0.0710
0.0660
0.0660
0.0730
0.0700
0.0690
0.0680
0.0690
0.0680
0.0720
0.0750
0.0780
0.0780
0.0700
0.0760
0.0760
0.0730
0.0760
0.0820
0.0790
0.0780
0.0810
0.0810
0.0820
0.0810
0.0840
0.0820
0.0810
0.0850
0.0840
0.0880
0.0850
0.0890
0.0930
0.0940
0.0900
0.0880
0.0960
0.0890
0.0900
0.0900
0.0990
0.1010
0.0990
0.0960
0.1020
0.0950
0.0980
0.1040
0.0950
0.0950
0.0980
0.1070
0.1010
0.1070
0.1040
0.1090
0.1020
0.1080
0.1070
0.1080
0.1050
0.1100
0.1040
0.1050
0.1010
0.1080
0.1130
0.1090
0.1150
0.1040
0.1170
0.1160
0.1140
0.1170
0.1080
0.1190
0.1120
0.1130
0.1100
0.1160
0.1100
0.1240
0.1150
0.1120
0.1250
0.1130
0.1200
0.1250
0.1200
0.1240
0.1150
0.1210
0.1240
0.1220
0.1200
0.1300
0.1260
0.1340
0.1240
0.1210
0.1330
0.1350
0.1240
0.1340
0.1280
0.1230
0.1370
0.1400
0.1380
0.1310
0.1330
0.1310
0.1300
0.1280
0.1320
0.1440
0.1290
0.1430
0.1350
0.1380
0.1350
0.1320
0.1380
0.1500
0.1470
0.1420
0.1500
0.1510
0.1390
0.1530
0.1550
0.1550
0.1400
0.1550
0.1480
0.1480
0.1500
0.1490
0.1590
0.1490
0.1460
0.1570
0.1620
0.1610
0.1510
0.1490
0.1500
0.1520
0.1580
0.1640
0.1600
0.1580
0.1640
0.1630
0.1640
0.1500
0.1660
0.1570
0.1660
0.1570
0.1630
0.1610
0.1690
0.1690
0.1680
0.1590
0.1700
0.1600
0.1560
0.1660
0.1580
0.1550
0.1610
0.1740
0.1720
0.1640
0.1730
0.1790
0.1690
0.1680
0.1650
0.1800
0.1690
0.1810
0.1790
0.1830
0.1830
0.1690
0.1830
0.1740
0.1750
0.1700
0.1770
0.1850
0.1870
0.1870 
0.1860 
0.1880];

alpha_x = [0.0120
0.0130
0.0140
0.0140
0.0150
0.0240
0.0300
0.0330
0.0340
0.0380
0.0420
0.0450
0.0480
0.0490
0.0510
0.0540
0.0540
0.0540
0.0570
0.0590
0.0640
0.0640
0.0650
0.0680
0.0680
0.0790
0.0790
0.0870
0.0880
0.0880
0.0890
0.0900
0.0920
0.0940
0.1010
0.1020
0.1030
0.1040
0.1130
0.1150
0.1180
0.1250
0.1350
0.1350
0.1460
0.1460
0.1490
0.1520
0.1530
0.1540
0.1540
0.1590
0.1650
0.1650
0.1710
0.1720
0.1820
0.1820
0.1850
0.1880
0.1900
0.1960
0.1960
0.1990
0.1990
0.2010
0.2050
0.2070
0.2080
0.2100
0.2110
0.2200
0.2250
0.2340
0.2340
0.2430
0.2610
0.2770
0.2780
0.2810
0.2820
0.2830
0.2860
0.2890
0.2920
0.2940
0.2960
0.3050
0.3110
0.3150
0.3170
0.3210
0.3220
0.3260
0.3270
0.3290
0.3300
0.3310
0.3340
0.3390
0.3440
0.3440
0.3440
0.3460
0.3510
0.3520
0.3550
0.3590
0.3640
0.3680
0.3700
0.3730
0.3730
0.3760
0.3830
0.3850
0.3860
0.3950
0.4030
0.4030
0.4030
0.4120
0.4160
0.4200
0.4200
0.4210
0.4230
0.4290
0.4310
0.4330
0.4370
0.4380
0.4410
0.4420
0.4440
0.4540
0.4540
0.4560
0.4580
0.4650
0.4700
0.4720
0.4780
0.4860
0.4870
0.4880
0.4910
0.4990
0.4990
0.5010
0.5030
0.5040
0.5080
0.5120
0.5120
0.5130
0.5150
0.5160
0.5170
0.5190
0.5200
0.5280
0.5290
0.5290
0.5340
0.5340
0.5350
0.5410
0.5450
0.5450
0.5540
0.5560
0.5600
0.5610
0.5670
0.5680
0.5740
0.5750
0.5760
0.5760
0.5810
0.5820
0.5840
0.5840
0.5870
0.5920
0.5950
0.5970
0.6040
0.6040
0.6060
0.6090
0.6120
0.6130
0.6140
0.6160
0.6180
0.6190
0.6310
0.6310
0.6340
0.6360
0.6370
0.6370
0.6410
0.6460
0.6490
0.6510
0.6610
0.6610
0.6610
0.6680
0.6690
0.6720
0.6720
0.6770
0.6780
0.6810
0.6830
0.6870
0.6940
0.6950
0.6960
0.6970
0.7050
0.7090
0.7120
0.7130
0.7150
0.7200
0.7240
0.7270
0.7270
0.7380
0.7390
0.7410
0.7420
0.7440
0.7450
0.7470
0.7470
0.7500
0.7520
0.7570
0.7570
0.7570
0.7590
0.7600
0.7620
0.7640
0.7680
0.7680
0.7680
0.7700
0.7720
0.7740
0.7790
0.7790
0.7790
0.7860
0.7860
0.7870
0.7870
0.7910
0.7940
0.7960
0.7980
0.8030
0.8040
0.8040
0.8110
0.8150
0.8150
0.8220
0.8270
0.8270
0.8270
0.8320
0.8360
0.8360
0.8400
0.8410
0.8440
0.8470
0.8480
0.8500
0.8550
0.8580
0.8580
0.8630
0.8630
0.8660
0.8690
0.8700
0.8710
0.8720
0.8740
0.8760
0.8790];