function [Cl_x,alpha_x] = Simulation3

Cl_x = [0.0020
0.0030
0.0030
0.0030
0.0030
0.0050
0.0060
0.0060
0.0060
0.0070
0.0090
0.0080
0.0090
0.0100
0.0100
0.0110
0.0110
0.0100
0.0110
0.0110
0.0120
0.0120
0.0120
0.0130
0.0130
0.0150
0.0150
0.0170
0.0170
0.0170
0.0170
0.0190
0.0170
0.0170
0.0210
0.0190
0.0210
0.0200
0.0210
0.0210
0.0240
0.0250
0.0250
0.0250
0.0280
0.0280
0.0290
0.0320
0.0280
0.0290
0.0290
0.0330
0.0340
0.0320
0.0320
0.0320
0.0370
0.0340
0.0380
0.0350
0.0390
0.0400
0.0390
0.0400
0.0380
0.0400
0.0430
0.0390
0.0410
0.0410
0.0410
0.0460
0.0430
0.0480
0.0480
0.0460
0.0540
0.0540
0.0530
0.0550
0.0580
0.0590
0.0550
0.0570
0.0570
0.0570
0.0610
0.0630
0.0610
0.0590
0.0610
0.0610
0.0630
0.0610
0.0660
0.0650
0.0690
0.0640
0.0690];

alpha_x = [0.0120
0.0130
0.0140
0.0140
0.0150
0.0240
0.0300
0.0330
0.0340
0.0380
0.0420
0.0450
0.0480
0.0490
0.0510
0.0540
0.0540
0.0540
0.0570
0.0590
0.0640
0.0640
0.0650
0.0680
0.0680
0.0790
0.0790
0.0870
0.0880
0.0880
0.0890
0.0900
0.0920
0.0940
0.1010
0.1020
0.1030
0.1040
0.1130
0.1150
0.1180
0.1250
0.1350
0.1350
0.1460
0.1460
0.1490
0.1520
0.1530
0.1540
0.1540
0.1590
0.1650
0.1650
0.1710
0.1720
0.1820
0.1820
0.1850
0.1880
0.1900
0.1960
0.1960
0.1990
0.1990
0.2010
0.2050
0.2070
0.2080
0.2100
0.2110
0.2200
0.2250
0.2340
0.2340
0.2430
0.2610
0.2770
0.2780
0.2810
0.2820
0.2830
0.2860
0.2890
0.2920
0.2940
0.2960
0.3050
0.3110
0.3150
0.3170
0.3210
0.3220
0.3260
0.3270
0.3290
0.3300
0.3310
0.3340];